old_code,new_code
